N_start N_end N_length mu_start mu_end mu_length Delta sequence t1 t2 t3
2	60	24	0.0	5.0	251	1.0	PQC	1.0	0.0	2.0
2	60	24	0.0	5.0	251	1.0	PQC	1.0	0.02	2.0
2	60	24	0.0	5.0	251	1.0	PQC	1.0	0.04	2.0
2	60	24	0.0	5.0	251	1.0	PQC	1.0	0.06	2.0
2	60	24	0.0	5.0	251	1.0	PQC	1.0	0.08	2.0
2	60	24	0.0	5.0	251	1.0	PQC	1.0	0.1	2.0
2	60	24	0.0	5.0	251	1.0	PQC	1.0	0.12	2.0
2	60	24	0.0	5.0	251	1.0	PQC	1.0	0.14	2.0
2	60	24	0.0	5.0	251	1.0	PQC	1.0	0.16	2.0
2	60	24	0.0	5.0	251	1.0	PQC	1.0	0.18	2.0
2	60	24	0.0	5.0	251	1.0	PQC	1.0	0.2	2.0
2	60	24	0.0	5.0	251	1.0	PQC	1.0	0.22	2.0
2	60	24	0.0	5.0	251	1.0	PQC	1.0	0.24	2.0
2	60	24	0.0	5.0	251	1.0	PQC	1.0	0.26	2.0
2	60	24	0.0	5.0	251	1.0	PQC	1.0	0.28	2.0
2	60	24	0.0	5.0	251	1.0	PQC	1.0	0.3	2.0
2	60	24	0.0	5.0	251	1.0	PQC	1.0	0.32	2.0
2	60	24	0.0	5.0	251	1.0	PQC	1.0	0.34	2.0
2	60	24	0.0	5.0	251	1.0	PQC	1.0	0.36	2.0
2	60	24	0.0	5.0	251	1.0	PQC	1.0	0.38	2.0
2	60	24	0.0	5.0	251	1.0	PQC	1.0	0.4	2.0
2	60	24	0.0	5.0	251	1.0	PQC	1.0	0.42	2.0
2	60	24	0.0	5.0	251	1.0	PQC	1.0	0.44	2.0
2	60	24	0.0	5.0	251	1.0	PQC	1.0	0.46	2.0
2	60	24	0.0	5.0	251	1.0	PQC	1.0	0.48	2.0
2	60	24	0.0	5.0	251	1.0	PQC	1.0	0.5	2.0
2	60	24	0.0	5.0	251	1.0	PQC	1.0	0.52	2.0
2	60	24	0.0	5.0	251	1.0	PQC	1.0	0.54	2.0
2	60	24	0.0	5.0	251	1.0	PQC	1.0	0.56	2.0
2	60	24	0.0	5.0	251	1.0	PQC	1.0	0.58	2.0
2	60	24	0.0	5.0	251	1.0	PQC	1.0	0.6	2.0
2	60	24	0.0	5.0	251	1.0	PQC	1.0	0.62	2.0
2	60	24	0.0	5.0	251	1.0	PQC	1.0	0.64	2.0
2	60	24	0.0	5.0	251	1.0	PQC	1.0	0.66	2.0
2	60	24	0.0	5.0	251	1.0	PQC	1.0	0.68	2.0
2	60	24	0.0	5.0	251	1.0	PQC	1.0	0.7	2.0
2	60	24	0.0	5.0	251	1.0	PQC	1.0	0.72	2.0
2	60	24	0.0	5.0	251	1.0	PQC	1.0	0.74	2.0
2	60	24	0.0	5.0	251	1.0	PQC	1.0	0.76	2.0
2	60	24	0.0	5.0	251	1.0	PQC	1.0	0.78	2.0
2	60	24	0.0	5.0	251	1.0	PQC	1.0	0.8	2.0
2	60	24	0.0	5.0	251	1.0	PQC	1.0	0.82	2.0
2	60	24	0.0	5.0	251	1.0	PQC	1.0	0.84	2.0
2	60	24	0.0	5.0	251	1.0	PQC	1.0	0.86	2.0
2	60	24	0.0	5.0	251	1.0	PQC	1.0	0.88	2.0
2	60	24	0.0	5.0	251	1.0	PQC	1.0	0.9	2.0
2	60	24	0.0	5.0	251	1.0	PQC	1.0	0.92	2.0
2	60	24	0.0	5.0	251	1.0	PQC	1.0	0.94	2.0
2	60	24	0.0	5.0	251	1.0	PQC	1.0	0.96	2.0
2	60	24	0.0	5.0	251	1.0	PQC	1.0	0.98	2.0
2	60	24	0.0	5.0	251	1.0	PQC	1.0	1.0	2.0
2	60	24	0.0	5.0	251	1.0	PQC	1.0	1.02	2.0
2	60	24	0.0	5.0	251	1.0	PQC	1.0	1.04	2.0
2	60	24	0.0	5.0	251	1.0	PQC	1.0	1.06	2.0
2	60	24	0.0	5.0	251	1.0	PQC	1.0	1.08	2.0
2	60	24	0.0	5.0	251	1.0	PQC	1.0	1.1	2.0
2	60	24	0.0	5.0	251	1.0	PQC	1.0	1.12	2.0
2	60	24	0.0	5.0	251	1.0	PQC	1.0	1.14	2.0
2	60	24	0.0	5.0	251	1.0	PQC	1.0	1.16	2.0
2	60	24	0.0	5.0	251	1.0	PQC	1.0	1.18	2.0
2	60	24	0.0	5.0	251	1.0	PQC	1.0	1.2	2.0
2	60	24	0.0	5.0	251	1.0	PQC	1.0	1.22	2.0
2	60	24	0.0	5.0	251	1.0	PQC	1.0	1.24	2.0
2	60	24	0.0	5.0	251	1.0	PQC	1.0	1.26	2.0
2	60	24	0.0	5.0	251	1.0	PQC	1.0	1.28	2.0
2	60	24	0.0	5.0	251	1.0	PQC	1.0	1.3	2.0
2	60	24	0.0	5.0	251	1.0	PQC	1.0	1.32	2.0
2	60	24	0.0	5.0	251	1.0	PQC	1.0	1.34	2.0
2	60	24	0.0	5.0	251	1.0	PQC	1.0	1.36	2.0
2	60	24	0.0	5.0	251	1.0	PQC	1.0	1.38	2.0
2	60	24	0.0	5.0	251	1.0	PQC	1.0	1.4	2.0
2	60	24	0.0	5.0	251	1.0	PQC	1.0	1.42	2.0
2	60	24	0.0	5.0	251	1.0	PQC	1.0	1.44	2.0
2	60	24	0.0	5.0	251	1.0	PQC	1.0	1.46	2.0
2	60	24	0.0	5.0	251	1.0	PQC	1.0	1.48	2.0
2	60	24	0.0	5.0	251	1.0	PQC	1.0	1.5	2.0
2	60	24	0.0	5.0	251	1.0	PQC	1.0	1.52	2.0
2	60	24	0.0	5.0	251	1.0	PQC	1.0	1.54	2.0
2	60	24	0.0	5.0	251	1.0	PQC	1.0	1.56	2.0
2	60	24	0.0	5.0	251	1.0	PQC	1.0	1.58	2.0
2	60	24	0.0	5.0	251	1.0	PQC	1.0	1.6	2.0
2	60	24	0.0	5.0	251	1.0	PQC	1.0	1.62	2.0
2	60	24	0.0	5.0	251	1.0	PQC	1.0	1.64	2.0
2	60	24	0.0	5.0	251	1.0	PQC	1.0	1.66	2.0
2	60	24	0.0	5.0	251	1.0	PQC	1.0	1.68	2.0
2	60	24	0.0	5.0	251	1.0	PQC	1.0	1.7	2.0
2	60	24	0.0	5.0	251	1.0	PQC	1.0	1.72	2.0
2	60	24	0.0	5.0	251	1.0	PQC	1.0	1.74	2.0
2	60	24	0.0	5.0	251	1.0	PQC	1.0	1.76	2.0
2	60	24	0.0	5.0	251	1.0	PQC	1.0	1.78	2.0
2	60	24	0.0	5.0	251	1.0	PQC	1.0	1.8	2.0
2	60	24	0.0	5.0	251	1.0	PQC	1.0	1.82	2.0
2	60	24	0.0	5.0	251	1.0	PQC	1.0	1.84	2.0
2	60	24	0.0	5.0	251	1.0	PQC	1.0	1.86	2.0
2	60	24	0.0	5.0	251	1.0	PQC	1.0	1.88	2.0
2	60	24	0.0	5.0	251	1.0	PQC	1.0	1.9	2.0
2	60	24	0.0	5.0	251	1.0	PQC	1.0	1.92	2.0
2	60	24	0.0	5.0	251	1.0	PQC	1.0	1.94	2.0
2	60	24	0.0	5.0	251	1.0	PQC	1.0	1.96	2.0
2	60	24	0.0	5.0	251	1.0	PQC	1.0	1.98	2.0
2	60	24	0.0	5.0	251	1.0	PQC	1.0	2.0	2.0
2	60	24	0.0	5.0	251	1.0	PQC	1.0	2.02	2.0
2	60	24	0.0	5.0	251	1.0	PQC	1.0	2.04	2.0
2	60	24	0.0	5.0	251	1.0	PQC	1.0	2.06	2.0
2	60	24	0.0	5.0	251	1.0	PQC	1.0	2.08	2.0
2	60	24	0.0	5.0	251	1.0	PQC	1.0	2.1	2.0
2	60	24	0.0	5.0	251	1.0	PQC	1.0	2.12	2.0
2	60	24	0.0	5.0	251	1.0	PQC	1.0	2.14	2.0
2	60	24	0.0	5.0	251	1.0	PQC	1.0	2.16	2.0
2	60	24	0.0	5.0	251	1.0	PQC	1.0	2.18	2.0
2	60	24	0.0	5.0	251	1.0	PQC	1.0	2.2	2.0
2	60	24	0.0	5.0	251	1.0	PQC	1.0	2.22	2.0
2	60	24	0.0	5.0	251	1.0	PQC	1.0	2.24	2.0
2	60	24	0.0	5.0	251	1.0	PQC	1.0	2.26	2.0
2	60	24	0.0	5.0	251	1.0	PQC	1.0	2.28	2.0
2	60	24	0.0	5.0	251	1.0	PQC	1.0	2.3	2.0
2	60	24	0.0	5.0	251	1.0	PQC	1.0	2.32	2.0
2	60	24	0.0	5.0	251	1.0	PQC	1.0	2.34	2.0
2	60	24	0.0	5.0	251	1.0	PQC	1.0	2.36	2.0
2	60	24	0.0	5.0	251	1.0	PQC	1.0	2.38	2.0
2	60	24	0.0	5.0	251	1.0	PQC	1.0	2.4	2.0
2	60	24	0.0	5.0	251	1.0	PQC	1.0	2.42	2.0
2	60	24	0.0	5.0	251	1.0	PQC	1.0	2.44	2.0
2	60	24	0.0	5.0	251	1.0	PQC	1.0	2.46	2.0
2	60	24	0.0	5.0	251	1.0	PQC	1.0	2.48	2.0
2	60	24	0.0	5.0	251	1.0	PQC	1.0	2.5	2.0
2	60	24	0.0	5.0	251	1.0	PQC	1.0	2.52	2.0
2	60	24	0.0	5.0	251	1.0	PQC	1.0	2.54	2.0
2	60	24	0.0	5.0	251	1.0	PQC	1.0	2.56	2.0
2	60	24	0.0	5.0	251	1.0	PQC	1.0	2.58	2.0
2	60	24	0.0	5.0	251	1.0	PQC	1.0	2.6	2.0
2	60	24	0.0	5.0	251	1.0	PQC	1.0	2.62	2.0
2	60	24	0.0	5.0	251	1.0	PQC	1.0	2.64	2.0
2	60	24	0.0	5.0	251	1.0	PQC	1.0	2.66	2.0
2	60	24	0.0	5.0	251	1.0	PQC	1.0	2.68	2.0
2	60	24	0.0	5.0	251	1.0	PQC	1.0	2.7	2.0
2	60	24	0.0	5.0	251	1.0	PQC	1.0	2.72	2.0
2	60	24	0.0	5.0	251	1.0	PQC	1.0	2.74	2.0
2	60	24	0.0	5.0	251	1.0	PQC	1.0	2.76	2.0
2	60	24	0.0	5.0	251	1.0	PQC	1.0	2.78	2.0
2	60	24	0.0	5.0	251	1.0	PQC	1.0	2.8	2.0
2	60	24	0.0	5.0	251	1.0	PQC	1.0	2.82	2.0
2	60	24	0.0	5.0	251	1.0	PQC	1.0	2.84	2.0
2	60	24	0.0	5.0	251	1.0	PQC	1.0	2.86	2.0
2	60	24	0.0	5.0	251	1.0	PQC	1.0	2.88	2.0
2	60	24	0.0	5.0	251	1.0	PQC	1.0	2.9	2.0
2	60	24	0.0	5.0	251	1.0	PQC	1.0	2.92	2.0
2	60	24	0.0	5.0	251	1.0	PQC	1.0	2.94	2.0
2	60	24	0.0	5.0	251	1.0	PQC	1.0	2.96	2.0
2	60	24	0.0	5.0	251	1.0	PQC	1.0	2.98	2.0
2	60	24	0.0	5.0	251	1.0	PQC	1.0	3.0	2.0
2	60	24	0.0	5.0	251	1.0	PQC	1.0	3.02	2.0
2	60	24	0.0	5.0	251	1.0	PQC	1.0	3.04	2.0
2	60	24	0.0	5.0	251	1.0	PQC	1.0	3.06	2.0
2	60	24	0.0	5.0	251	1.0	PQC	1.0	3.08	2.0
2	60	24	0.0	5.0	251	1.0	PQC	1.0	3.1	2.0
2	60	24	0.0	5.0	251	1.0	PQC	1.0	3.12	2.0
2	60	24	0.0	5.0	251	1.0	PQC	1.0	3.14	2.0
2	60	24	0.0	5.0	251	1.0	PQC	1.0	3.16	2.0
2	60	24	0.0	5.0	251	1.0	PQC	1.0	3.18	2.0
2	60	24	0.0	5.0	251	1.0	PQC	1.0	3.2	2.0
2	60	24	0.0	5.0	251	1.0	PQC	1.0	3.22	2.0
2	60	24	0.0	5.0	251	1.0	PQC	1.0	3.24	2.0
2	60	24	0.0	5.0	251	1.0	PQC	1.0	3.26	2.0
2	60	24	0.0	5.0	251	1.0	PQC	1.0	3.28	2.0
2	60	24	0.0	5.0	251	1.0	PQC	1.0	3.3	2.0
2	60	24	0.0	5.0	251	1.0	PQC	1.0	3.32	2.0
2	60	24	0.0	5.0	251	1.0	PQC	1.0	3.34	2.0
2	60	24	0.0	5.0	251	1.0	PQC	1.0	3.36	2.0
2	60	24	0.0	5.0	251	1.0	PQC	1.0	3.38	2.0
2	60	24	0.0	5.0	251	1.0	PQC	1.0	3.4	2.0
2	60	24	0.0	5.0	251	1.0	PQC	1.0	3.42	2.0
2	60	24	0.0	5.0	251	1.0	PQC	1.0	3.44	2.0
2	60	24	0.0	5.0	251	1.0	PQC	1.0	3.46	2.0
2	60	24	0.0	5.0	251	1.0	PQC	1.0	3.48	2.0
2	60	24	0.0	5.0	251	1.0	PQC	1.0	3.5	2.0
2	60	24	0.0	5.0	251	1.0	PQC	1.0	3.52	2.0
2	60	24	0.0	5.0	251	1.0	PQC	1.0	3.54	2.0
2	60	24	0.0	5.0	251	1.0	PQC	1.0	3.56	2.0
2	60	24	0.0	5.0	251	1.0	PQC	1.0	3.58	2.0
2	60	24	0.0	5.0	251	1.0	PQC	1.0	3.6	2.0
2	60	24	0.0	5.0	251	1.0	PQC	1.0	3.62	2.0
2	60	24	0.0	5.0	251	1.0	PQC	1.0	3.64	2.0
2	60	24	0.0	5.0	251	1.0	PQC	1.0	3.66	2.0
2	60	24	0.0	5.0	251	1.0	PQC	1.0	3.68	2.0
2	60	24	0.0	5.0	251	1.0	PQC	1.0	3.7	2.0
2	60	24	0.0	5.0	251	1.0	PQC	1.0	3.72	2.0
2	60	24	0.0	5.0	251	1.0	PQC	1.0	3.74	2.0
2	60	24	0.0	5.0	251	1.0	PQC	1.0	3.76	2.0
2	60	24	0.0	5.0	251	1.0	PQC	1.0	3.78	2.0
2	60	24	0.0	5.0	251	1.0	PQC	1.0	3.8	2.0
2	60	24	0.0	5.0	251	1.0	PQC	1.0	3.82	2.0
2	60	24	0.0	5.0	251	1.0	PQC	1.0	3.84	2.0
2	60	24	0.0	5.0	251	1.0	PQC	1.0	3.86	2.0
2	60	24	0.0	5.0	251	1.0	PQC	1.0	3.88	2.0
2	60	24	0.0	5.0	251	1.0	PQC	1.0	3.9	2.0
2	60	24	0.0	5.0	251	1.0	PQC	1.0	3.92	2.0
2	60	24	0.0	5.0	251	1.0	PQC	1.0	3.94	2.0
2	60	24	0.0	5.0	251	1.0	PQC	1.0	3.96	2.0
2	60	24	0.0	5.0	251	1.0	PQC	1.0	3.98	2.0
2	60	24	0.0	5.0	251	1.0	PQC	1.0	4.0	2.0
2	60	24	0.0	5.0	251	1.0	PQC	1.0	4.02	2.0
2	60	24	0.0	5.0	251	1.0	PQC	1.0	4.04	2.0
2	60	24	0.0	5.0	251	1.0	PQC	1.0	4.06	2.0
2	60	24	0.0	5.0	251	1.0	PQC	1.0	4.08	2.0
2	60	24	0.0	5.0	251	1.0	PQC	1.0	4.1	2.0
2	60	24	0.0	5.0	251	1.0	PQC	1.0	4.12	2.0
2	60	24	0.0	5.0	251	1.0	PQC	1.0	4.14	2.0
2	60	24	0.0	5.0	251	1.0	PQC	1.0	4.16	2.0
2	60	24	0.0	5.0	251	1.0	PQC	1.0	4.18	2.0
2	60	24	0.0	5.0	251	1.0	PQC	1.0	4.2	2.0
2	60	24	0.0	5.0	251	1.0	PQC	1.0	4.22	2.0
2	60	24	0.0	5.0	251	1.0	PQC	1.0	4.24	2.0
2	60	24	0.0	5.0	251	1.0	PQC	1.0	4.26	2.0
2	60	24	0.0	5.0	251	1.0	PQC	1.0	4.28	2.0
2	60	24	0.0	5.0	251	1.0	PQC	1.0	4.3	2.0
2	60	24	0.0	5.0	251	1.0	PQC	1.0	4.32	2.0
2	60	24	0.0	5.0	251	1.0	PQC	1.0	4.34	2.0
2	60	24	0.0	5.0	251	1.0	PQC	1.0	4.36	2.0
2	60	24	0.0	5.0	251	1.0	PQC	1.0	4.38	2.0
2	60	24	0.0	5.0	251	1.0	PQC	1.0	4.4	2.0
2	60	24	0.0	5.0	251	1.0	PQC	1.0	4.42	2.0
2	60	24	0.0	5.0	251	1.0	PQC	1.0	4.44	2.0
2	60	24	0.0	5.0	251	1.0	PQC	1.0	4.46	2.0
2	60	24	0.0	5.0	251	1.0	PQC	1.0	4.48	2.0
2	60	24	0.0	5.0	251	1.0	PQC	1.0	4.5	2.0
2	60	24	0.0	5.0	251	1.0	PQC	1.0	4.52	2.0
2	60	24	0.0	5.0	251	1.0	PQC	1.0	4.54	2.0
2	60	24	0.0	5.0	251	1.0	PQC	1.0	4.56	2.0
2	60	24	0.0	5.0	251	1.0	PQC	1.0	4.58	2.0
2	60	24	0.0	5.0	251	1.0	PQC	1.0	4.6	2.0
2	60	24	0.0	5.0	251	1.0	PQC	1.0	4.62	2.0
2	60	24	0.0	5.0	251	1.0	PQC	1.0	4.64	2.0
2	60	24	0.0	5.0	251	1.0	PQC	1.0	4.66	2.0
2	60	24	0.0	5.0	251	1.0	PQC	1.0	4.68	2.0
2	60	24	0.0	5.0	251	1.0	PQC	1.0	4.7	2.0
2	60	24	0.0	5.0	251	1.0	PQC	1.0	4.72	2.0
2	60	24	0.0	5.0	251	1.0	PQC	1.0	4.74	2.0
2	60	24	0.0	5.0	251	1.0	PQC	1.0	4.76	2.0
2	60	24	0.0	5.0	251	1.0	PQC	1.0	4.78	2.0
2	60	24	0.0	5.0	251	1.0	PQC	1.0	4.8	2.0
2	60	24	0.0	5.0	251	1.0	PQC	1.0	4.82	2.0
2	60	24	0.0	5.0	251	1.0	PQC	1.0	4.84	2.0
2	60	24	0.0	5.0	251	1.0	PQC	1.0	4.86	2.0
2	60	24	0.0	5.0	251	1.0	PQC	1.0	4.88	2.0
2	60	24	0.0	5.0	251	1.0	PQC	1.0	4.9	2.0
2	60	24	0.0	5.0	251	1.0	PQC	1.0	4.92	2.0
2	60	24	0.0	5.0	251	1.0	PQC	1.0	4.94	2.0
2	60	24	0.0	5.0	251	1.0	PQC	1.0	4.96	2.0
2	60	24	0.0	5.0	251	1.0	PQC	1.0	4.98	2.0
2	60	24	0.0	5.0	251	1.0	PQC	1.0	5.0	2.0
